function [FS,vbcS,thetaS] = getpropertiesSTEREO

FS = [0.0426346, 0.143659, 0.0999933, 0.200726, 0.137490, 0.145802, 0.380452, 0.329305, 0.0770911, ...
    0.0870550, 0.163741, 0.263943, 0.537395, 0.241927, 0.841832, 0.134906, 0.465912, 0.0383444, 0.200009, ...
    0.534023, 0.0336758, 0.129884, 0.392064, 0.0890846, 0.474742, 0.0895673, 0.118734, 0.688412, 0.0941641, ...
    0.0388371, 0.462905, 0.0228747, 0.235846, 0.218050, 0.0147604, 0.0447298, 0.116412, 0.650266, 0.579557, ...
    0.769327, 0.0524406, 0.0297758, 0.0253706, 0.0299978, 0.105773, ...
    0.199915, 0.262207, 0.369308, 0.805523, 0.526546, 0.200937, 0.240839, 0.396331, 0.0965260, 0.165202, 0.113585, ...
    0.174390, 0.0694770, 0.401771, 0.0711433, 0.186231, 0.167047, 0.0818760, 0.115575, 0.401381, 0.179628, 0.258829, ...
    0.104159, 0.157323, 0.120127, 0.0797608, 0.0290715, 0.0402305, 0.191791, 0.0528138, 0.0731419, 0.102409, 0.132983, ...
    0.437526, 0.193393, 0.0446764, 0.884677, 0.473409, 0.317714, 0.141812, 0.271613, 0.506436, 0.778162,  0.326726, ...
    0.552272, 0.366208, 0.356976, 0.227773, 0.208450, 0.469556, 0.257457, 0.242518, 0.217618, 0.737049, 0.647486, 0.150835, ...
    0.191445, 0.343177, 0.170651, 0.197662, 0.489777, 0.155205, 0.0937248, 0.303088, 0.0564725, 0.191985, 0.409227, 0.266533, ...
    0.169435, 0.710031, ...
    0.467583, 0.247807, 0.169300, 0.117118,  0.241518, 0.221201, 0.473956, 0.198627, 0.224909, 0.174387, 0.118496, 0.0366626, ... 
    0.120590, 0.0909702, 0.0545792, 0.221609, 0.0815281, 0.160481, 0.121475, 0.0490858,0.0651041, 0.0709364, 0.0717141, ...
    0.253958, 0.345769, 0.148384, 0.191024, 0.656442, 0.0469452, 0.335605, 0.175010, 0.380005, 0.411371, 0.152789, 0.314967, ...
    0.411416, 0.246899, 0.201353, 0.202385, 0.0753257, 0.132573, 0.119528, 0.0524288, 0.148280, ...
    0.624003, 0.426301, 0.487321, 0.690293, 0.520117, 0.660471, 0.683061, 0.697834, 0.602831, 0.458811, 0.499049, ...
    0.719787, 0.547768, 0.606975, 0.448204, 0.377934, 0.414318, 0.341243, 0.305925, 0.570063, 0.365224, 0.197935, ...
    0.161557, 0.140402, 0.111264, 0.124085, 0.119214, 0.0614301, 0.0542483, 0.0669827, 0.0239321, 0.0293781, 0.0270401, ...
    0.0439523, 0.0346847, 0.0163937, 0.0402515, 0.0206592, 0.0343606, 0.0333002, 0.0225554, 0.0305006, 0.0914379, ...
    0.0140867, 0.0321759, ...
    0.293840, 0.529505, 0.707543, 0.651208, 0.653265, 0.539031, 0.377502, 0.422517, 0.271473, 0.384019, 0.459720, ...
    0.416915, 0.461056, 0.258238, 0.665678, 0.429609, 0.519131, 0.609811, 0.435575, 0.482192, 0.808780, 0.542887, ...
    0.669944, 0.808226, 0.672351, 0.720345, 0.465542, 0.143355, 0.590794, 0.528091, 0.566526, 0.577190, 0.531202, ...
    0.537718, 0.481546, 0.509163, 0.0571642, 0.0201241, ...
    0.283395, 0.0247227, 0.138777, 0.266500, 0.0270092, 0.0501641, 0.420916, 0.240351, 0.190716, 0.0684197, 0.0832317, ... 
    0.0317441, 0.0231031, 0.0326350, 0.0519613, 0.0331683, 0.0457491, 0.137098, 0.0694803, 0.207753, 0.0416426, ...
    0.0274578, 0.0940824, 0.0201912, 0.0197353, 0.0251776, 0.0660489, 0.112613, 0.0270566, 0.100160, 0.0785008, ...
    0.0966833, 0.0285657, 0.0237780, 0.0367114, 0.0407692, 0.0798831, 0.0873975, ...
    0.411250, 0.401095, 0.0393291, 0.0602697, 0.0618312, 0.0499108, 0.0326538, 0.0545298, 0.0282252, ...
    0.750413, 0.195828, 0.235858, 0.472948, 0.0734404, 0.388653, 0.107237, 0.108958, 0.478643, 0.141371, ...
    0.354866, 0.191361, 0.120053, 0.253343, 0.139525, 0.140567, 0.148113, 0.420555, 0.167742, 0.125400, ...
    0.320774, 0.167671, 0.644249, 0.212532, 0.388705, 0.469048, 0.131196, 0.0535526, 0.333623, 0.229501, ...
    0.116369, 0.148985, 0.521226, 0.542059, 0.218403, 0.142787, 0.0974769, 0.232958, 0.104915, ...
    0.295359, 0.224975, 0.615309, 0.206728, 0.121681, 0.417979, 0.272088, 0.280960, 0.850689, 0.157109, ...
    0.483389, 0.150088, 0.445330, 0.250412, 0.739359, 0.584466, 0.355609, 0.233484, 0.295831, 0.768029, ...
    0.156582, 0.417007, 0.0846950, 0.0896395, 0.122162, 0.336875, 0.326724, 0.800613, 0.159019, 0.121699, 0.150343, 0.0900821, ...
    0.0314058, 0.195025, 0.0903605, 0.0431332, 0.0499377, 0.0238202, 0.0200907, 0.0114244, ...
    0.102910, 0.0637265, 0.215837, 0.130451, 0.0358228, 0.0542238, 0.0269555, 0.0269144, 0.0120142, ...
    0.0396711, 0.0766298, 0.109953, 0.0988487, 0.0136444, 0.0816656, ...
    0.166109, 0.542339, 0.117419, 0.480494, 0.163073, 0.355721, 0.104590, 0.213889, 0.371127, ...
    0.438430, 0.355498, 0.202314, 0.408230, 0.295180, 0.216587, 0.222724, 0.470290, 0.143160, ...
    0.377313, 0.342097, 0.0651761, 0.0859009, 0.0790096, 0.134533, 0.681018, 0.0908340, 0.227074, ...
    0.124479, 0.204782, 0.350266, 0.138313, 0.396974, 0.268078, 0.0657713, 0.0884545, 0.146471, ...
    0.151985, 0.204666, 0.0693091, 0.206927, 0.197129, ...
    0.190076, 0.379028, 0.366816, 0.247854, 0.263849, 0.480740, 0.246433, 0.207260, 0.103285, ...
    0.222120, 0.167369, 0.0901191, 0.163716, 0.0437114, 0.273424, 0.217538, 0.197304, 0.189693, ...
    0.119861, 0.507467, 0.125183, 0.185122, 0.458047, 0.168447, 0.281348, 0.675209, 0.0681040, ...
    0.303094, 0.0806845, 0.400814, 0.0220580, 0.188593, 0.470197, 0.142205, 0.0741093, 0.593244, ...
    0.0227467, 0.296292, 0.168674, 0.589108, 0.201800, 0.720968, 0.473776, ...
    0.0736658, 0.522123, 0.464532, 0.701925, 0.338832, 0.494829, 0.531099, 0.394538, 0.374877, 0.437239, ...
    0.504971, 0.313604, 0.337954, 0.0807310, 0.468896, 0.493505, 0.381810, 0.638404, 0.243411, 0.411532, ...
    0.376449, 0.293767, 0.167008, 0.179297, 0.265684, 0.449102, 0.438747, 0.299174, 0.563196, 0.0723485, ...
    0.535531, 0.345389, 0.560485, 0.454155, 0.409026, 0.161985, 0.551804, 0.0346215, 0.529965, 0.252991, ...
    0.146421, 0.132332, 0.0171513, 0.0434671, 0.110195, ...
    0.456040, 0.507864, 0.404037, 0.714978, 0.664842, 0.664239, 0.499816, 0.702780, 0.531108, 0.634897, ...
    0.633214, 0.557881, 0.629769, 0.628485, 0.768726, 0.241562, 0.284548, 0.499907, 0.439610, 0.386939, ...
    0.664491, 0.629022, 0.630763, 0.392363, 0.549032, 0.330667, 0.603800, 0.502928, 0.340689, 0.761559, ...
    0.514987, 0.589541, 0.506053, 0.331646, 0.218060, 0.641175, 0.407316, 0.646742, 0.0319421, 0.436574, ...
    0.246914, 0.436383, 0.0520175, 0.0390526, 0.102134, ...
    0.00725109, 0.0681605, 0.0572554, 0.0845302, 0.0654392, 0.0208208, 0.103985, 0.0100874, 0.0105904, ...
    0.0236544, 0.0626891, 0.0386477, 0.0793967, 0.0263112, 0.0337874, 0.0332545, 0.130575, 0.0122391, ...
    0.0234362, 0.0241514, 0.0347985, 0.0423453, 0.0379058, 0.0205927, 0.0277621, 0.0284352, 0.0305092, ...
    0.0598558, 0.0672399, 0.0458444, 0.0909478, 0.0147721, 0.0129673, 0.0159318, 0.0733704, 0.116294, ...
    0.0318577, 0.0657204, 0.00852410, ...
    0.164796, 0.0392610, 0.0740780, 0.0985239, 0.0647274, 0.197587, 0.101063, 0.831967, 0.115959, 0.425348, ...
    0.0393527, 0.104667, 0.0660071, 0.281168, 0.0444592, 0.0780938, 0.117552, 0.0964421, 0.0331252, 0.128020, ...
    0.118671, 0.0770607, 0.158139, 0.0875803, 0.0240021, 0.0694989, 0.131812, 0.119908, 0.225567, 0.124350, ...
    0.0615932, 0.0535289, 0.0636532, 0.0569828, 0.717077, 0.0833219, 0.0387360, 0.108502, 0.0612771, 0.0700431, ...
    0.143962, 0.167972, 0.0293117, 0.0966606, 0.0830701, 0.167534, 0.0436810, 0.0476623, 0.0823417, ...
    0.768592, 0.436882, 0.674074, 0.330408, 0.502494, 0.602550, 0.263832, 0.320995, 0.104039, 0.325775, ...
    0.412934, 0.507121, 0.391331, 0.336563, 0.439890, 0.660262, 0.372145, 0.592849, 0.635906, 0.471086, ...
    0.517840, 0.331502, 0.495402, 0.484889, 0.285020, 0.217157, 0.377563, 0.569712, 0.317563, 0.186971, ...
    0.570722, 0.590835, 0.652434, 0.414970, 0.0597660, 0.0425198, 0.0872088, 0.0833657, 0.0860740, 0.158230, ...
    0.0683211, 0.0411048, 0.0297490, 0.0473109, ...
    0.156635, 0.302396, 0.399063, 0.387922, 0.607235, 0.726882, 0.417987, 0.479937, 0.848804, 0.587080, 0.685951, ...
    0.507699, 0.686283, 0.577715, 0.562267, 0.429645, 0.563043, 0.431852, 0.736708, 0.770427, 0.516860, 0.591643, ...
